00000000000000111111100000000000
00000000000000111111111000000000
00000000000010111111111100000000
00000000000111000001111110000000
00000000001111000000011110000000
00000000011110000000001111000000
00000000111100000000000111000000
00000000111100000000000111100000
00000001111000000000000011100000
00000001110000000000000011100000
00000011110000000000000011100000
00000011100000000000000011100000
00000111100000000000000011100000
00000111100000000000000011100000
00000111000000000000000011100000
00000111000000000000000011100000
00000111000000000000000111100000
00000111000000000000000111100000
00000111000000000000000111000000
00000111000000000000001111000000
00000111000000000000001110000000
00000111000000000000011110000000
00000111000000000000011100000000
00000111000000000000111100000000
00000111100000000001111000000000
00000011100000000011110000000000
00000011110000000111110000000000
00000001111000011111100000000000
00000001111100111110000000000000
00000000111111111100000000000000
00000000011111110000000000000000
00000000000111100000000000000000
