00000000000000010000000000000000
00000000000000111000000000000000
00000000000001111000000000000000
00000000000011110000000000000000
00000000000111100000000000000000
00000000000111100000000000000000
00000000001111000000000000000000
00000000011110000000000000000000
00000000011100000000000000000000
00000000111100000000110000000000
00000001111000000001111000000000
00000001111000000001110000000000
00000011110000000011110000000000
00000011100000000011100000110000
00000111100000000011101111110000
00001111000000000111111111110000
00001111000000001111111111100000
00001110000001111111111000000000
00001110001111111111000000000000
00011111111111111110000000000000
00001111111111001110000000000000
00001111111000001110000000000000
00000000000000011110000000000000
00000000000000011100000000000000
00000000000000011100000000000000
00000000000000011100000000000000
00000000000000011100000000000000
00000000000000011100000000000000
00000000000000111100000000000000
00000000000000111000000000000000
00000000000000111000000000000000
00000000000000111000000000000000
