00000000001100111100000000000000
00000001111100011111000000000000
00000011111100011111100000000000
00000111111100001111110000000000
00001111100000000011110000000000
00001111000000000001111000000000
00001110000000000001111000000000
00001110000000000001111000000000
00011110000000000001111000000000
00001110000000000001111000000000
00001111000000000001111000000000
00001111000000000011110000000000
00000111100000000011110000000000
00000111100000000111100000000000
00000011110000001111000000000000
00000001111100011111000000000000
00000001111111111110000000000000
00000000011111111100000000000000
00000000001111111111111000000000
00000000000111111111111110000000
00000000001111111111111111100000
00000000001111000000111111110000
00000000011110000000000011110000
00000000111100000000000001111000
00000000111100000000000011110000
00000000111000000000000111110000
00000000111000000000011111100000
00000000111000000001111111000000
00000000111100011111111110000000
00000000011111111111111000000000
00000000011111111111000000000000
00000000000111111100000000000000
