00000000000000001111100000000000
00000000000000111111111000000000
00000000000011111111111100000000
00000000000111111000011100000000
00000000001111100000011100000000
00000000011110000000011100000000
00000000011100000000011100000000
00000000111000000000111100000000
00000000111000000001111100000000
00000000111000000011111000000000
00000000111000001111111000000000
00000000111111111111110000000000
00000000011111111111110000000000
00000000001111111001110000000000
00000000000000000011100000000000
00000000000000000011100000000000
00000000000000000011100000000000
00000000000000000111000000000000
00000000000000000111000000000000
00000000000000000111000000000000
00000000000000001110000000000000
00000000000000001110000000000000
00000000000000001110000000000000
00000000000000011110000000000000
00000000000000011100000000000000
00000000000000011100000000000000
00000000000000011100000000000000
00000000000000111000000000000000
00000000000000111000000000000000
00000000000001110000000000000000
00000000000001110000000000000000
00000000000000110000000000000000
