        input/output            weight
input   1, 520, 768, 3      3, 3, 3, 64
conv1   1, 520, 768, 64     3, 3, 64, 128
conv2   1, 260, 384, 128    3, 3, 128, 256
conv3   1, 130, 192, 256    3, 3, 256, 512

conv4   1,  65,  96, 512    16, 16, 2, 512
out_4   1, 522, 775, 2      1, 1, 2, 2
conv5   1,  65,  96, 512    32, 32, 2, 512
out_5   1, 522, 775, 2      1, 1, 2, 2
conv6   1,  65,  96, 1024   64, 64, 2, 1024
out_6   1, 522, 775, 2      1, 1, 2, 2
c_out   1, 522, 775, 2
s_out   1, 522, 775, 2